100 7 3844
0 42 434
50 79 556
39 57 917
19 91 709
23 35 445
28 55 117
5 54 821
1 25 340
62 68 643
36 37 586
40 17 785
14 18 833
26 95 321
89 91 948
3 69 843
22 70 386
49 47 927
24 35 572
48 6 138
66 95 173
72 46 623
92 98 870
8 69 456
8 90 399
57 73 556
41 92 692
1 98 648
29 57 472
70 99 842
7 98 391
47 93 157
15 82 81
42 75 8
54 74 345
54 91 321
13 64 21
45 81 236
30 33 289
22 99 464
23 49 201
52 46 956
50 81 419
49 93 470
27 51 966
22 55 928
38 14 161
13 63 169
22 82 741
52 73 181
44 52 720
2 47 448
22 35 640
80 43 356
34 64 961
19 53 802
19 80 994
20 92 650
10 64 19
44 46 443
23 27 813
13 41 265
16 94 206
74 85 377
6 24 611
49 57 87
42 58 199
7 40 824
37 85 224
36 70 322
8 77 188
95 64 612
1 9 27
0 99 80
29 30 201
16 73 78
44 99 871
11 42 298
14 52 81
80 89 812
13 75 748
21 44 887
8 64 159
65 67 562
14 46 577
3 94 404
37 93 957
21 25 465
26 99 759
61 67 5
39 41 476
69 76 651
61 78 614
62 67 667
63 75 62
26 17 922
31 46 635
12 89 936
31 47 484
51 82 301
80 28 975
23 62 312
14 69 886
51 57 816
61 94 163
22 34 234
4 50 889
24 76 721
50 61 787
30 49 480
66 83 686
51 81 624
11 52 234
63 77 632
6 68 175
35 60 600
69 82 701
40 90 966
60 93 277
49 66 38
12 39 530
12 14 897
74 20 164
8 13 418
55 78 948
22 24 372
0 34 602
23 61 640
3 80 889
2 19 573
85 88 640
25 55 973
26 33 566
38 53 596
89 54 349
79 97 807
18 53 815
20 98 202
24 94 437
1 66 686
32 89 107
28 73 951
5 75 462
8 84 449
87 83 540
7 22 144
7 37 784
58 86 693
27 41 582
27 35 431
20 97 676
96 62 658
56 94 89
67 80 953
22 44 395
18 23 57
3 91 286
7 99 826
57 63 591
0 29 172
53 77 768
18 21 804
10 49 283
12 66 135
97 98 785
8 25 987
7 34 73
2 33 518
13 18 704
21 41 236
55 72 882
37 30 17
25 18 828
4 18 192
25 20 192
71 74 405
71 83 255
25 42 14
53 92 908
7 42 665
64 89 4
74 81 286
54 56 601
29 45 201
7 10 486
24 63 516
16 80 35
29 87 933
19 55 231
22 37 247
28 48 585
17 19 437
15 74 918
81 86 374
6 37 111
0 88 465
66 75 106
19 77 702
46 25 437
1 97 776
19 81 230
1 58 959
33 61 737
15 33 857
3 99 273
29 41 144
15 60 545
47 80 605
88 26 266
44 51 37
5 57 251
38 30 658
1 0 900
3 6 367
44 9 388
12 50 482
35 76 560
18 91 232
25 64 443
68 22 48
1 33 788
8 35 878
30 45 152
12 57 660
10 60 292
54 70 926
84 89 545
56 71 103
1 85 580
31 33 869
12 80 258
43 51 625
30 40 987
62 66 675
38 82 170
51 80 417
41 77 566
11 50 258
50 76 354
28 67 439
19 28 483
55 89 555
25 26 389
49 75 649
69 28 824
59 80 166
67 83 54
4 66 328
32 53 554
76 95 658
9 31 618
71 77 684
14 66 199
11 40 775
44 74 301
99 40 177
9 58 209
30 42 504
15 19 402
90 99 418
45 55 303
38 81 782
67 86 392
9 38 64
14 24 16
42 97 450
21 73 7
24 64 456
13 81 521
29 83 714
97 19 283
73 80 606
17 35 499
81 82 275
44 67 716
54 93 583
45 80 422
5 14 758
87 92 207
22 9 271
64 22 13
3 83 342
21 59 854
34 41 948
22 56 786
6 91 852
72 81 704
7 91 43
8 34 815
34 63 319
16 43 661
94 59 329
82 65 141
54 88 324
30 65 414
79 84 49
11 44 483
90 94 143
16 55 205
1 65 937
13 78 857
87 61 241
77 61 588
34 75 179
17 85 58
31 82 912
47 54 542
44 94 940
9 66 360
13 47 472
59 69 536
84 90 601
26 94 745
34 93 69
69 83 217
13 25 46
45 85 995
21 89 589
65 94 183
64 86 101
96 47 576
22 77 746
11 74 984
37 51 345
34 47 775
22 59 435
36 62 768
46 86 466
19 59 991
77 89 756
35 41 506
2 67 242
81 83 410
31 93 814
2 75 659
4 6 76
23 80 462
20 54 629
48 98 277
38 85 63
91 79 89
32 33 209
13 83 446
96 75 255
41 79 680
50 68 63
23 24 251
47 8 8
66 77 651
5 26 762
45 47 923
52 61 690
55 65 986
39 64 902
54 35 328
57 64 792
48 63 388
32 95 366
15 94 738
7 95 242
17 93 584
33 68 271
38 74 745
36 61 41
62 47 830
14 20 823
27 89 906
9 81 774
58 19 388
20 33 823
49 64 197
7 84 155
40 59 588
13 31 882
18 63 750
24 59 634
34 42 84
64 69 935
62 64 57
32 93 618
70 84 115
10 91 415
9 12 328
50 6 622
50 62 674
33 86 643
89 96 904
59 84 810
17 86 208
32 34 734
89 93 100
25 79 825
42 76 358
6 45 3
56 69 563
61 98 643
30 61 101
0 7 839
33 59 509
66 47 144
3 25 534
18 67 767
3 61 395
32 40 659
99 58 210
93 10 370
47 28 261
30 89 966
45 86 421
19 70 172
69 93 149
21 56 340
42 90 834
50 89 27
61 96 284
12 41 192
10 50 943
22 73 68
27 99 901
22 97 151
28 76 7
4 75 766
70 4 99
19 22 550
47 65 554
19 56 211
9 95 539
38 56 970
2 90 355
53 78 357
48 97 915
10 59 648
39 99 181
56 82 978
59 86 944
5 32 751
58 29 831
28 84 685
39 73 705
55 76 1
27 77 172
9 94 727
29 74 808
30 67 98
13 54 975
9 27 105
12 74 49
20 47 889
32 66 870
5 83 937
50 54 211
19 27 708
78 85 254
20 30 57
37 81 390
36 95 88
54 57 874
6 20 121
46 95 20
4 61 861
6 58 73
51 62 179
71 85 450
73 75 549
28 97 359
52 81 948
8 31 93
19 43 380
25 44 800
35 77 32
16 18 881
55 86 267
48 52 956
1 70 727
38 58 672
51 93 792
41 96 4
10 92 564
65 81 546
4 94 21
13 76 888
8 59 205
53 87 194
86 80 150
31 75 172
48 72 608
92 60 432
49 85 199
28 33 936
24 86 713
20 71 764
15 58 308
39 49 696
81 31 386
35 98 178
31 50 752
11 26 178
77 95 890
61 99 384
75 97 947
90 25 204
3 28 615
54 78 499
64 98 248
39 43 243
28 75 541
26 34 911
40 42 670
14 60 718
29 40 808
50 91 978
48 77 249
29 39 174
78 83 751
89 15 664
93 98 309
54 18 770
50 64 964
33 44 970
26 58 380
7 51 715
1 45 589
30 76 259
12 55 603
0 65 792
20 40 955
18 28 196
12 20 58
2 91 472
40 45 644
16 62 586
12 48 372
5 2 237
10 53 578
2 17 766
26 28 447
24 34 993
10 18 437
37 24 991
31 14 80
42 51 819
3 42 558
68 80 705
24 95 628
19 4 382
86 50 489
0 39 980
59 16 330
8 40 659
14 48 838
41 57 604
34 97 479
44 73 551
83 24 961
53 75 26
61 86 962
22 66 564
6 46 508
6 74 498
12 22 18
26 93 736
0 3 385
49 90 44
15 37 454
4 79 288
72 73 52
68 91 67
68 64 354
71 82 438
29 32 100
46 94 496
13 95 699
59 26 499
77 88 451
74 87 344
5 41 531
35 68 681
18 84 121
15 80 948
56 79 25
42 69 529
85 96 660
7 9 315
78 2 844
6 17 495
54 90 639
42 85 541
92 96 544
35 67 159
41 62 844
76 78 959
0 84 976
61 92 755
42 96 510
17 15 159
32 72 24
0 77 685
8 79 911
61 71 148
47 46 662
42 95 946
40 67 885
24 30 837
9 77 914
3 63 446
52 74 467
92 94 2
54 92 797
86 71 979
5 22 951
54 12 371
21 90 767
52 64 448
68 79 549
4 13 395
6 21 167
24 62 827
3 50 937
17 18 940
5 17 611
86 97 896
66 99 862
0 71 884
79 89 259
34 37 377
37 90 865
15 57 941
52 79 509
37 95 544
30 94 22
35 36 373
23 51 4
32 74 427
35 95 857
4 21 355
36 76 941
29 96 995
21 95 166
87 82 400
41 93 128
61 0 758
70 97 992
80 81 304
17 71 941
16 41 428
78 48 623
80 83 377
48 55 679
77 91 535
96 34 216
12 83 860
17 36 423
27 84 922
18 94 285
28 38 580
42 49 566
6 11 191
21 79 454
85 86 260
1 5 643
52 82 74
63 84 598
1 88 459
45 92 606
3 20 799
29 61 26
4 51 422
10 42 261
18 95 440
47 44 908
14 76 21
86 48 686
73 87 555
27 50 695
57 78 102
81 76 868
61 22 666
23 43 209
7 75 732
28 30 714
7 58 347
73 89 227
17 81 83
20 95 983
33 72 248
16 27 805
24 54 478
37 49 541
46 70 316
45 68 671
59 96 76
60 81 880
17 79 840
4 98 195
26 49 792
18 68 904
44 68 607
88 30 991
5 21 242
15 44 684
2 20 316
10 78 587
11 84 894
28 32 444
20 37 411
96 31 898
5 63 3
19 33 683
67 77 786
19 24 569
74 90 849
92 97 195
78 3 421
84 97 606
66 91 570
73 15 774
31 73 779
27 54 741
11 75 259
4 45 740
22 17 767
71 95 960
43 46 177
84 37 386
69 61 700
24 66 376
22 51 130
51 59 742
41 42 966
17 84 242
58 21 911
7 93 38
4 63 845
53 73 424
32 84 86
5 99 891
51 67 771
36 42 158
93 90 410
37 82 141
47 56 738
15 67 556
23 88 295
27 48 662
60 69 230
98 34 509
55 61 536
9 18 214
69 6 550
64 78 14
92 72 79
57 60 576
14 54 941
27 80 77
10 47 729
3 89 903
72 91 361
5 84 157
17 47 680
41 72 801
4 26 610
36 89 704
68 78 191
13 94 493
31 77 141
7 71 295
21 51 491
79 98 147
46 73 175
55 58 860
77 85 520
35 44 166
65 3 851
2 62 231
57 68 646
81 58 190
17 63 644
29 4 759
43 91 981
16 67 590
71 81 933
85 98 168
84 96 980
68 3 704
3 64 951
31 43 515
23 60 86
53 72 675
10 75 348
49 71 793
25 88 617
13 16 340
35 19 790
31 48 501
95 10 925
75 85 983
47 89 238
98 95 227
51 74 407
23 64 348
40 86 608
75 70 449
49 69 887
18 46 967
40 66 561
60 62 143
49 61 835
67 78 258
33 27 580
29 90 271
0 79 532
63 90 120
47 77 480
63 64 726
54 72 632
3 84 553
3 27 704
17 44 233
37 70 827
13 99 552
56 72 933
11 47 496
16 77 594
19 87 440
50 70 474
58 84 482
54 58 224
59 90 699
68 47 979
32 50 564
26 85 508
93 3 132
1 26 582
45 12 793
26 68 123
8 97 170
51 70 21
75 91 157
69 81 792
9 42 420
16 34 14
18 43 646
67 72 127
2 52 740
85 47 278
1 87 187
43 92 671
75 92 21
47 73 599
52 98 585
9 73 729
4 36 517
39 96 295
60 88 903
1 30 203
37 96 999
44 70 855
66 76 996
84 87 802
16 86 508
60 52 906
54 66 138
73 93 966
3 13 431
43 97 126
20 45 302
48 61 958
34 55 407
35 83 932
20 99 338
45 63 739
28 93 190
12 95 38
64 90 711
21 74 84
54 46 873
35 80 654
3 31 102
62 97 803
18 40 626
51 58 338
34 85 685
37 55 510
43 50 717
71 91 37
21 96 823
9 64 845
39 4 163
41 89 623
54 84 276
17 78 884
25 60 201
1 73 513
50 67 4
28 54 183
44 79 913
14 21 134
41 73 701
72 87 117
49 95 351
42 67 277
18 74 788
20 93 606
44 96 810
12 52 592
44 82 745
22 33 455
2 23 316
69 79 675
29 31 346
53 98 722
16 81 524
16 29 923
1 47 941
21 60 876
73 82 763
6 30 853
42 86 595
30 39 645
62 80 19
5 90 536
7 68 71
13 59 32
70 71 41
19 61 517
87 88 944
22 69 123
53 58 774
38 40 42
6 59 166
71 90 529
72 89 199
6 12 749
5 81 531
61 46 417
6 41 596
17 16 490
42 71 267
1 22 822
1 94 887
17 0 530
79 5 106
9 19 83
8 48 130
54 16 814
62 79 728
50 71 362
51 63 122
73 90 780
18 30 215
22 89 240
48 59 875
28 79 894
11 67 573
30 62 169
3 5 734
7 49 594
47 83 97
46 68 217
29 71 741
51 69 569
23 99 607
51 64 688
36 84 281
75 78 421
41 82 177
3 71 563
24 82 413
42 18 211
56 99 37
65 88 339
32 17 915
61 80 483
20 62 765
2 8 253
60 65 293
88 97 234
30 55 854
2 80 670
34 38 282
41 71 14
3 4 589
19 0 510
8 85 703
78 91 322
25 78 306
19 84 585
33 71 390
11 68 905
40 65 651
26 69 878
62 70 282
87 6 830
17 31 424
19 20 686
56 63 944
28 82 447
21 33 971
64 92 557
19 79 206
11 54 770
72 99 641
44 57 622
7 61 844
25 92 519
58 5 531
15 27 99
37 47 969
6 51 830
17 96 492
20 21 890
14 90 985
90 35 674
48 46 164
72 37 328
3 12 116
20 63 848
23 89 309
52 75 730
9 50 583
2 94 196
19 86 664
55 90 195
37 62 385
0 63 648
33 79 166
36 51 249
21 45 253
41 95 553
11 15 20
82 63 6
80 99 876
33 87 200
54 55 351
81 55 985
12 33 760
39 85 753
8 96 463
46 99 779
88 15 244
10 74 464
43 60 322
28 63 889
16 65 271
27 79 264
21 37 718
22 30 279
65 83 65
11 79 377
20 66 73
49 56 855
43 88 26
29 54 135
98 86 465
81 85 773
27 85 323
62 14 863
12 96 304
29 50 312
76 92 983
32 94 585
63 68 104
47 79 469
40 77 971
17 51 468
46 59 976
99 60 162
10 85 311
19 26 880
10 97 63
21 0 344
80 97 56
43 72 35
63 23 206
61 97 175
34 68 168
24 71 432
1 28 481
54 71 342
90 69 804
21 99 556
35 59 852
26 50 913
44 85 773
17 80 577
70 76 480
60 64 88
59 41 611
6 95 80
17 92 732
23 46 240
39 47 723
31 67 776
57 74 280
49 74 890
19 82 694
39 75 291
17 88 956
39 52 915
2 59 565
35 64 446
22 84 130
51 97 194
75 83 28
3 8 40
39 77 324
41 55 448
71 48 698
31 65 565
56 60 466
49 65 510
16 50 257
28 87 742
60 97 464
49 73 272
18 47 817
20 43 861
59 98 796
29 38 273
19 25 562
47 64 751
37 66 627
17 64 81
7 96 144
21 53 889
25 74 866
16 38 333
6 40 262
61 85 771
98 49 328
8 38 429
26 78 229
51 1 594
71 28 837
16 93 729
4 44 115
7 14 235
32 79 680
40 50 865
37 38 256
17 53 124
82 89 870
82 92 368
16 85 881
65 43 911
4 41 373
14 98 677
30 66 785
76 94 881
71 73 575
61 91 92
41 53 640
43 4 781
8 99 390
25 67 987
28 57 950
21 36 433
64 65 838
9 71 388
32 35 354
13 72 144
67 91 70
21 27 436
5 10 414
11 80 514
22 96 648
23 28 965
60 79 328
88 90 143
7 25 137
52 88 628
1 24 360
87 38 802
1 53 134
60 85 122
20 87 51
17 72 750
86 87 146
18 58 685
38 90 270
64 94 515
64 67 553
48 65 79
4 77 645
78 97 101
62 48 980
31 60 940
5 52 742
87 96 613
4 32 833
16 68 521
2 6 492
24 32 741
32 97 746
59 44 48
2 81 77
9 28 911
48 67 113
8 54 674
73 26 994
21 98 719
20 35 418
16 33 404
32 60 901
26 55 240
88 98 93
32 52 144
8 66 558
23 87 402
4 24 243
71 97 297
18 76 142
20 91 59
49 94 175
11 20 522
12 18 531
28 37 601
54 75 882
44 58 757
11 49 804
19 34 337
11 72 140
40 60 240
10 25 53
45 82 251
64 85 798
8 46 277
6 82 314
37 80 276
70 13 765
33 53 139
11 35 805
15 95 290
58 91 824
11 36 355
30 97 255
11 48 181
17 83 321
8 76 739
14 56 595
26 36 731
28 91 101
35 70 632
47 69 632
70 94 31
28 35 922
27 62 662
27 18 878
52 95 294
5 64 363
13 22 111
27 87 65
73 38 598
12 16 366
13 32 57
36 39 83
6 80 858
24 43 747
58 64 424
61 68 937
36 99 419
51 52 102
68 71 644
20 29 246
54 79 872
60 82 796
37 65 91
64 74 448
16 9 414
35 71 17
19 89 892
5 40 69
12 78 515
24 58 540
57 83 546
42 84 898
9 97 355
39 89 591
25 94 227
17 90 818
48 73 801
38 76 129
4 47 299
45 52 647
31 36 160
18 55 225
31 42 604
13 90 35
78 27 608
67 79 341
44 93 899
5 16 584
16 92 205
0 49 213
42 98 885
92 69 686
44 75 576
53 95 716
56 61 202
5 89 534
0 36 141
21 94 76
45 78 301
43 52 628
16 36 274
28 89 832
67 87 683
11 73 995
36 59 778
7 33 279
58 94 311
60 70 957
84 99 281
61 39 235
72 90 976
66 34 513
4 90 260
53 93 873
46 97 758
60 95 516
34 48 301
15 46 253
97 0 326
77 86 824
41 69 941
15 87 956
22 28 544
46 88 415
30 78 134
53 91 781
35 58 279
10 70 287
36 82 692
16 24 352
4 81 930
38 55 777
40 94 439
1 83 751
11 31 150
25 97 356
28 40 315
25 49 617
11 16 397
39 80 471
25 87 236
27 10 478
14 39 977
97 56 836
59 76 549
25 45 206
30 74 852
43 77 867
84 62 245
62 91 744
9 86 816
10 51 765
31 55 86
21 69 120
26 80 452
11 85 186
47 74 735
64 96 811
83 85 572
44 72 307
24 44 276
38 98 209
77 96 112
20 75 152
27 37 786
39 83 848
0 70 723
69 74 694
67 84 641
30 63 150
86 99 54
18 49 169
54 62 392
34 91 736
47 42 318
2 21 697
2 12 5
54 64 593
40 46 434
21 29 35
28 96 738
51 79 398
57 82 306
48 83 120
15 47 369
20 34 804
90 61 701
93 42 704
11 60 162
46 90 659
20 89 359
43 99 327
50 41 641
65 93 887
97 38 437
23 67 150
80 60 394
57 97 691
28 46 521
18 73 93
7 87 761
84 93 208
36 57 695
31 62 833
5 18 173
65 98 766
56 77 516
62 40 555
2 45 336
70 98 153
20 42 353
82 88 148
4 30 741
70 73 987
84 29 419
43 85 353
55 66 750
42 32 515
61 84 446
78 92 81
23 34 193
65 77 723
15 99 836
79 20 499
4 85 965
67 39 48
4 64 277
43 78 836
71 57 861
87 94 390
38 78 993
3 56 268
1 80 24
2 10 454
0 98 645
54 67 525
27 39 789
12 28 50
71 84 449
29 73 65
15 84 592
70 91 878
12 23 174
48 75 993
8 92 469
39 42 541
35 65 611
27 98 393
25 73 612
29 48 119
15 55 575
1 64 811
10 39 901
33 65 151
1 67 434
23 40 244
48 33 344
17 95 500
38 62 90
64 80 231
3 36 881
13 97 59
19 88 911
21 31 936
57 91 859
1 63 13
34 73 325
69 96 45
70 93 792
67 81 464
12 70 686
37 59 199
41 74 461
72 83 43
13 68 969
84 98 505
4 46 479
1 99 388
48 96 447
16 89 47
19 98 646
15 66 89
6 67 239
9 96 942
25 32 812
4 99 107
26 45 910
12 43 979
20 53 986
56 93 487
65 32 352
11 12 762
59 87 725
74 86 620
52 94 123
81 22 914
68 38 293
36 81 692
64 99 653
28 31 489
40 73 593
70 80 868
3 73 811
30 54 522
41 78 922
34 71 264
17 58 759
51 76 926
24 93 159
13 17 393
3 47 113
61 28 830
75 82 540
29 99 839
83 26 909
23 77 73
0 86 377
2 55 229
22 72 695
82 98 137
12 64 257
32 48 684
51 72 658
31 89 453
29 62 870
29 77 609
72 86 763
28 36 269
19 54 752
3 33 837
6 29 720
11 33 415
2 88 14
3 96 290
9 90 821
68 72 42
0 54 934
38 80 874
16 19 267
69 97 306
58 71 483
43 63 889
26 76 392
17 37 299
2 49 75
43 82 115
11 93 508
0 53 734
69 77 186
5 70 714
29 64 889
13 33 851
65 78 490
69 89 92
21 35 76
66 65 821
25 48 305
38 70 389
21 68 567
54 17 974
53 71 832
69 85 888
35 40 451
16 53 247
11 69 996
55 84 211
89 86 244
28 44 964
59 97 841
26 43 249
63 72 943
25 91 182
75 26 858
66 96 951
54 96 431
35 87 196
42 57 369
28 83 546
56 44 104
21 80 265
70 88 147
23 32 281
34 76 527
11 46 650
34 82 275
17 73 637
55 73 651
38 67 340
13 23 158
44 62 736
66 51 459
10 55 181
64 76 890
59 66 78
69 94 775
79 36 185
16 82 964
50 80 193
22 85 885
15 92 53
98 44 906
29 53 99
26 74 412
37 53 546
27 32 720
55 69 827
24 99 337
7 85 506
15 35 647
91 92 431
42 99 281
18 20 303
15 63 398
62 85 924
5 29 79
87 99 144
68 85 551
27 59 245
11 22 133
68 96 902
69 70 528
5 42 928
68 76 283
49 92 257
33 83 593
28 56 883
16 52 207
91 87 368
85 91 662
8 93 260
56 66 213
40 84 430
6 57 665
34 58 517
26 31 623
54 59 605
49 43 358
9 68 123
83 91 885
32 36 362
26 79 212
29 82 972
7 74 901
7 35 743
37 63 722
7 72 129
62 78 871
0 85 409
33 49 100
14 88 761
31 90 687
35 69 420
44 97 495
74 96 873
91 93 120
32 87 188
63 98 984
23 98 185
18 24 797
30 57 135
27 70 205
59 64 965
4 62 949
7 86 282
21 84 226
26 91 77
31 64 587
88 91 919
27 71 695
8 94 745
97 50 216
77 84 56
32 49 873
50 75 704
5 51 917
57 77 968
45 94 766
3 29 658
2 51 354
23 42 690
53 68 158
16 42 307
50 48 118
74 79 448
15 71 782
23 94 935
67 73 848
18 19 522
74 4 226
12 77 423
62 86 200
39 93 937
31 24 428
15 25 233
0 55 583
22 36 858
31 59 534
42 52 913
10 40 535
52 80 793
22 58 539
68 73 793
27 29 271
39 82 489
18 69 55
34 95 749
52 68 999
1 19 732
30 58 116
76 80 143
41 84 922
24 57 631
21 88 135
60 90 305
28 59 34
19 30 452
22 2 574
17 82 902
27 82 772
41 75 106
33 89 167
32 38 62
24 73 660
73 99 82
39 92 782
28 41 327
28 50 166
6 22 647
34 35 803
72 88 580
68 39 884
57 98 266
9 29 873
26 70 952
86 6 790
44 86 711
24 77 194
42 53 134
5 50 453
7 81 316
73 60 471
32 76 614
82 79 251
18 57 288
33 46 218
63 92 728
6 70 938
55 77 83
77 79 909
36 53 849
51 54 727
31 51 646
32 55 187
15 70 431
47 84 177
34 60 394
2 30 180
13 52 168
53 99 489
66 3 500
26 60 221
43 13 348
79 86 48
8 44 620
81 96 736
43 66 586
56 84 349
35 99 805
51 68 901
42 61 747
45 97 815
73 74 913
76 16 383
33 63 626
46 76 920
68 81 414
7 21 972
90 92 284
3 79 369
30 32 674
52 71 729
67 76 517
88 92 483
19 90 874
18 77 340
9 14 52
12 26 160
23 79 550
92 47 966
48 99 109
9 78 450
79 35 616
74 93 803
32 82 605
30 59 932
43 90 75
71 79 968
17 27 756
19 32 716
2 27 458
57 79 714
11 70 457
27 64 275
74 75 322
12 37 274
58 67 251
90 95 576
23 37 676
26 35 298
35 62 270
1 76 48
10 45 704
60 74 164
38 41 487
6 79 575
21 55 999
59 63 295
72 80 715
39 76 276
13 71 589
6 61 883
2 87 97
61 59 965
61 41 739
38 15 531
0 72 886
7 43 229
7 13 254
14 63 970
37 58 666
8 20 896
37 87 284
17 29 588
11 63 36
18 90 500
1 68 947
33 75 349
76 83 599
97 63 442
75 81 275
16 70 24
95 5 680
52 84 622
24 50 90
59 74 644
31 94 652
15 64 121
8 91 205
16 57 792
0 82 434
10 48 866
51 73 141
48 92 659
46 66 147
37 79 175
24 25 739
35 78 207
80 4 198
31 20 719
9 57 161
39 81 414
14 58 731
40 91 830
22 27 348
32 0 487
32 90 160
10 54 741
2 7 459
7 56 164
65 52 246
54 23 974
77 81 858
44 7 144
39 84 715
51 75 949
4 42 292
41 68 648
1 8 740
57 69 560
30 75 642
17 21 996
33 60 312
81 97 518
73 8 613
1 69 952
27 83 56
40 43 697
40 41 565
45 49 605
72 23 103
26 90 22
71 87 429
37 98 437
39 46 630
93 99 996
7 78 521
37 4 56
43 74 438
58 89 792
43 45 537
10 87 6
2 72 252
17 62 827
22 23 609
22 67 526
10 98 330
3 67 475
14 92 633
72 79 864
29 52 881
5 44 678
55 96 456
17 56 998
68 97 852
2 73 970
92 4 473
63 71 434
57 40 418
49 78 50
12 38 627
7 94 626
1 14 675
24 84 841
58 96 292
68 86 874
65 74 644
18 22 643
12 73 476
21 63 865
28 60 265
6 18 37
87 58 268
37 39 68
19 65 882
27 42 847
7 97 725
23 76 587
28 70 861
50 59 518
35 74 891
9 65 165
61 79 684
25 83 963
18 33 964
77 33 451
29 78 316
10 63 363
7 23 616
54 82 223
15 34 41
56 13 790
52 47 65
9 48 442
22 45 332
80 58 965
32 69 931
61 93 160
22 91 226
8 6 903
14 22 801
14 67 305
52 86 474
25 61 68
81 87 317
13 87 939
62 98 545
47 82 348
38 51 446
27 44 200
53 34 379
65 90 160
53 88 72
56 57 331
18 82 265
6 73 291
22 92 977
60 78 756
64 87 770
33 99 434
70 78 737
48 70 824
11 10 81
24 51 891
64 97 450
32 45 780
41 58 980
53 64 28
74 84 969
5 76 288
46 75 737
51 86 203
74 80 944
55 57 586
78 86 816
98 41 64
32 98 867
3 17 135
20 32 836
80 98 48
1 91 269
33 74 319
56 98 13
11 27 981
84 91 592
4 15 423
29 76 785
11 94 21
39 56 159
46 5 770
16 26 97
31 40 828
25 34 237
60 63 910
46 69 204
24 48 765
90 50 897
43 28 269
34 52 199
12 90 662
64 91 501
14 53 387
12 42 865
24 68 180
52 97 447
27 86 781
48 56 563
72 96 313
24 72 487
3 46 723
63 76 419
42 44 887
81 6 685
97 72 95
3 37 35
64 7 868
76 85 434
23 93 33
24 89 724
67 56 222
40 63 791
21 46 75
0 60 56
20 46 900
7 82 714
56 86 153
46 80 987
40 76 509
56 90 513
48 53 138
39 40 81
13 28 319
30 93 994
76 97 61
49 59 66
5 28 560
11 71 64
2 46 980
5 71 12
42 33 905
51 87 619
33 35 645
53 62 577
6 96 508
5 39 769
49 63 258
30 96 682
41 43 590
37 92 590
0 51 653
43 14 403
15 41 807
45 53 85
43 48 315
44 50 900
10 58 736
57 81 755
28 66 585
36 63 510
1 77 24
9 26 233
22 65 139
58 77 653
23 53 968
22 86 802
65 27 24
21 52 68
31 68 851
74 89 650
21 1 438
17 46 497
92 95 835
12 79 173
14 77 864
10 76 65
11 78 701
51 85 847
2 66 928
20 57 670
31 74 48
18 96 812
22 31 118
15 48 176
34 74 242
4 69 871
10 24 692
45 37 516
19 71 846
41 81 430
58 8 994
36 12 987
72 62 860
29 63 277
54 86 377
6 76 416
22 63 171
1 81 252
3 40 690
21 66 526
88 89 180
27 75 511
5 62 62
7 15 679
55 63 995
23 30 711
34 17 747
27 43 831
25 80 753
63 80 974
29 55 160
85 87 466
39 48 746
28 99 310
21 86 155
3 70 628
6 15 247
5 59 582
21 93 343
63 96 907
42 78 242
32 47 542
6 39 353
10 41 895
10 33 40
18 29 448
66 97 835
0 75 19
31 23 29
15 51 164
85 70 912
78 94 417
38 39 931
2 14 588
83 84 482
62 88 61
6 31 773
45 65 873
35 86 957
5 67 764
19 83 105
61 75 635
44 91 286
29 95 49
11 25 338
81 92 400
38 71 503
66 94 117
3 16 215
83 86 277
7 27 617
35 85 113
20 27 930
94 98 120
9 15 7
41 46 819
6 83 714
36 68 464
23 58 314
0 89 993
70 77 849
43 95 304
3 7 288
11 53 589
47 50 708
86 66 895
13 38 19
71 98 881
7 31 178
10 79 891
33 6 857
16 88 811
42 74 22
6 32 646
35 53 281
14 81 503
57 59 671
4 73 368
47 30 364
17 89 379
54 80 776
56 92 948
5 68 659
85 99 559
30 86 93
70 96 755
39 44 210
2 89 408
60 84 28
49 79 706
5 66 396
97 95 228
75 99 369
9 3 554
94 14 768
97 77 7
6 19 260
83 11 642
95 65 538
57 62 431
54 76 92
36 92 171
92 2 998
9 87 417
55 59 151
19 67 402
3 15 564
76 96 317
56 59 306
63 88 661
87 39 912
5 98 39
17 25 568
38 77 76
16 75 106
22 32 806
10 35 222
65 71 797
9 75 801
8 68 435
0 31 950
22 90 682
72 78 876
39 53 416
61 89 941
59 89 927
48 79 289
15 75 376
68 87 939
44 89 736
31 66 873
3 57 876
59 85 379
82 85 13
14 15 315
67 69 537
16 98 638
16 20 279
7 90 149
40 89 594
32 62 679
27 28 656
1 2 941
30 31 650
88 34 10
75 94 408
20 65 146
42 92 260
74 77 125
39 59 110
33 51 469
56 73 171
43 76 603
16 91 190
3 49 510
89 48 723
57 89 477
64 83 712
11 86 489
46 92 617
5 7 438
2 11 921
64 81 994
44 80 561
47 72 216
46 57 837
23 96 924
36 38 203
42 63 956
2 69 320
28 88 13
4 76 656
82 9 147
19 46 362
29 75 588
14 41 426
25 82 154
38 95 89
17 67 649
36 45 219
49 82 195
70 89 116
20 86 541
44 76 658
53 94 266
3 81 736
69 95 138
75 98 48
2 82 743
1 49 892
44 60 937
37 44 805
15 56 869
91 97 950
54 69 609
51 65 903
21 71 174
27 58 563
21 50 387
13 93 725
4 33 325
43 8 407
8 23 175
24 70 973
74 95 464
7 76 253
3 39 181
66 98 888
64 71 644
83 89 312
31 70 620
59 9 171
56 62 416
73 91 38
45 72 375
1 37 444
26 86 93
61 95 966
45 60 542
2 40 641
59 73 45
60 17 272
16 64 259
48 95 635
16 21 421
60 30 81
49 52 589
41 66 133
13 37 56
35 81 8
40 61 61
11 96 86
31 45 284
62 90 630
41 70 161
38 96 680
25 30 747
38 94 861
14 99 788
47 55 305
52 92 373
5 38 816
6 97 516
31 54 364
52 53 437
16 83 163
41 64 657
19 96 904
31 79 25
6 23 300
49 68 732
36 74 785
55 93 735
0 27 751
19 57 793
73 92 776
2 84 707
1 59 87
57 31 529
50 88 460
39 70 707
47 91 284
21 57 356
28 90 141
25 54 519
13 29 987
63 69 282
53 69 653
34 61 364
26 98 637
72 75 357
11 77 357
26 66 389
53 85 422
38 72 502
13 42 258
26 61 543
27 61 962
63 99 907
58 40 656
36 73 718
18 88 650
6 44 861
26 71 340
8 81 836
76 93 34
53 67 841
35 89 380
32 99 957
94 95 692
11 95 86
20 83 466
5 65 583
0 93 846
76 79 710
24 79 973
16 28 594
44 55 812
30 82 980
0 59 792
10 69 623
33 39 822
49 88 766
57 96 270
10 96 133
21 77 913
29 46 180
36 44 165
25 66 133
15 53 42
45 57 569
36 24 613
6 42 343
18 38 940
21 61 256
84 66 180
51 61 964
37 41 484
67 96 234
4 31 244
45 56 608
6 72 597
40 75 612
22 78 476
38 84 280
13 55 847
3 88 463
99 59 97
65 34 528
27 92 573
37 71 13
76 90 249
23 55 13
13 91 908
55 88 638
66 68 188
41 99 56
0 24 310
26 82 161
21 64 956
29 59 278
82 53 176
30 69 183
0 81 934
79 83 787
6 93 855
28 95 80
27 95 312
59 67 76
23 33 447
41 91 820
19 47 693
19 66 483
31 92 841
12 53 277
36 91 346
62 94 302
51 98 766
8 49 32
40 92 373
14 95 690
45 61 523
58 79 948
72 76 961
38 88 819
4 88 528
37 46 226
31 41 213
8 32 602
62 73 331
21 24 571
18 52 703
61 72 22
5 55 833
19 68 614
2 4 659
2 9 177
4 22 971
66 72 622
38 44 41
23 78 138
8 55 621
14 78 666
32 7 597
11 65 483
67 68 917
33 43 562
12 24 947
72 74 348
6 85 104
6 52 933
81 93 253
43 93 496
42 62 136
58 31 46
6 14 126
17 23 343
69 33 177
19 85 839
70 95 519
29 56 140
9 54 417
53 76 554
3 74 977
79 7 889
24 88 240
36 50 826
79 34 244
81 98 429
32 2 369
34 78 336
90 39 90
51 56 579
61 76 833
52 72 235
13 86 618
55 27 476
8 30 84
44 30 789
65 84 674
58 73 984
8 29 673
15 96 17
79 93 350
90 91 608
12 75 903
49 99 267
50 78 748
33 70 238
7 47 13
19 44 888
42 55 645
61 81 512
1 23 378
38 57 618
9 92 710
1 6 410
0 76 940
2 18 455
47 90 104
25 33 960
21 54 517
54 94 557
1 79 520
60 91 818
56 64 133
11 28 190
30 85 533
20 64 98
10 44 613
40 78 743
30 81 635
56 70 743
11 19 268
11 39 247
32 77 55
10 0 662
28 62 806
69 87 416
3 54 409
58 75 389
25 59 766
22 47 215
17 94 368
44 95 240
63 70 54
70 79 214
2 61 338
2 3 356
36 71 643
33 36 489
9 83 356
10 12 424
82 90 85
37 56 314
3 34 430
7 73 812
22 42 635
46 55 541
84 88 199
15 28 823
83 93 853
73 81 659
11 59 664
8 67 673
58 39 391
0 68 557
5 37 75
22 49 413
4 9 699
27 34 853
38 91 55
8 56 983
32 73 902
63 6 881
61 70 260
23 39 652
24 65 107
8 36 424
7 36 657
15 23 226
15 24 194
1 13 320
14 34 987
32 88 987
35 50 699
14 29 800
52 77 953
45 46 744
28 4 546
64 93 473
55 70 140
55 6 836
31 71 321
16 60 522
10 34 468
30 0 417
7 67 77
33 55 867
25 99 289
85 95 877
14 70 162
7 8 535
64 30 154
6 9 379
13 69 670
63 65 563
22 54 27
36 65 428
36 90 86
2 57 22
52 8 944
22 98 481
51 92 350
29 98 135
0 66 827
53 56 872
24 26 843
37 91 510
20 73 406
23 47 185
31 88 142
35 49 867
42 82 150
38 10 729
8 95 893
22 38 271
57 85 742
3 18 567
35 73 93
41 76 266
71 89 887
84 23 751
19 69 954
11 57 926
13 48 555
33 78 626
73 95 789
87 95 54
71 92 865
19 99 920
62 87 372
4 67 458
27 90 918
52 15 783
33 90 941
7 41 308
63 91 969
43 86 901
55 80 277
33 9 541
36 55 665
3 77 593
27 46 229
10 83 768
5 85 261
73 77 397
6 10 642
8 26 970
55 92 75
8 17 779
66 85 165
52 87 119
41 63 746
69 99 190
17 98 701
36 13 869
30 43 218
7 50 750
35 57 70
29 51 892
45 95 537
14 40 572
51 60 224
26 41 145
18 8 448
89 76 726
35 96 895
3 1 801
35 66 883
26 96 509
56 96 944
57 88 75
48 80 206
24 97 824
36 86 367
7 29 781
17 41 734
43 84 520
65 72 994
20 82 727
10 73 763
0 78 412
8 83 757
17 52 371
76 87 7
17 39 446
18 86 445
34 46 421
17 33 718
77 87 950
16 69 362
16 58 300
17 76 298
1 18 291
7 52 108
18 98 809
10 66 997
12 58 627
12 56 149
16 56 29
24 78 917
53 70 340
2 13 45
80 82 987
83 30 165
56 74 388
19 72 202
30 36 373
96 88 975
0 15 13
69 86 792
67 82 164
27 57 52
43 47 118
48 82 166
60 47 558
11 76 770
35 42 419
15 68 712
51 94 238
9 40 192
55 94 732
41 48 609
47 75 500
46 58 912
23 44 737
12 49 253
6 66 810
56 68 335
26 37 850
13 67 894
21 23 328
6 99 429
14 42 48
1 62 248
15 85 970
40 98 67
57 75 297
72 77 861
13 19 305
0 43 521
49 84 375
47 59 755
14 72 239
51 55 395
11 41 419
46 91 992
2 53 717
82 83 307
7 60 854
56 65 594
88 81 129
5 36 881
80 91 147
29 69 135
39 72 731
61 12 207
93 29 607
64 44 412
89 97 910
53 51 432
27 94 891
76 86 71
45 87 877
4 38 650
41 67 734
20 88 959
53 66 523
15 72 222
21 75 661
10 57 888
23 41 613
13 35 966
45 89 622
22 62 528
8 88 321
51 96 303
12 21 371
1 11 952
20 60 969
66 74 69
38 50 768
57 90 983
57 65 922
53 55 762
18 34 653
1 60 362
29 88 651
0 57 869
23 97 968
70 92 608
5 34 783
2 37 562
2 86 564
9 76 550
0 69 814
26 38 624
45 76 364
42 89 722
56 75 917
10 14 533
4 96 993
35 9 355
25 93 862
34 81 911
35 37 123
68 88 357
75 89 148
70 57 685
44 61 169
6 36 30
75 90 947
44 92 610
49 5 950
5 48 976
3 44 942
20 55 502
95 99 19
91 27 960
30 91 723
67 70 56
25 37 263
35 48 927
15 61 428
43 75 877
3 51 581
86 75 892
45 73 894
5 27 476
70 82 250
38 79 582
2 39 581
33 76 457
9 74 135
10 86 213
91 95 386
25 51 113
79 99 923
45 71 602
12 76 395
19 40 901
14 61 351
78 87 158
2 43 312
81 94 282
33 37 895
36 47 871
17 42 832
11 32 559
39 95 725
0 16 114
21 22 800
87 98 761
79 85 701
74 83 823
30 50 67
5 35 849
73 85 117
7 88 349
12 86 368
82 72 331
59 93 850
67 97 469
25 85 542
46 81 546
84 80 613
13 27 119
89 92 952
21 91 143
58 68 182
32 54 105
67 94 882
9 56 172
40 74 925
13 44 516
45 74 427
58 78 929
34 67 45
49 60 957
3 53 263
63 81 537
7 39 726
30 71 217
5 6 379
65 97 579
37 77 515
33 45 738
41 47 863
28 39 880
36 48 189
64 82 13
14 19 691
63 85 715
79 88 349
19 36 215
36 60 172
49 97 581
14 17 843
48 44 294
84 86 996
96 82 825
28 65 305
78 88 528
30 95 910
8 11 796
20 22 389
23 71 368
69 75 439
75 93 414
83 96 366
45 14 21
14 16 127
11 92 625
24 13 999
58 95 99
55 98 476
57 94 748
64 84 793
53 59 172
0 41 400
78 99 137
7 69 762
27 97 98
43 89 657
84 92 726
39 60 992
77 82 216
55 74 822
12 19 16
13 53 932
38 47 965
1 56 460
90 89 739
68 93 426
18 75 50
21 72 779
12 98 935
24 28 447
16 99 897
25 62 780
55 67 226
11 17 50
49 91 882
49 55 634
65 99 578
46 77 139
35 91 261
87 90 495
60 53 428
40 97 763
85 92 957
74 99 127
31 39 237
64 26 281
12 13 105
14 37 606
87 93 259
26 84 285
0 92 984
15 12 555
42 19 751
9 45 122
48 64 316
0 8 959
18 89 285
15 79 676
73 88 17
7 59 901
9 72 991
65 12 222
25 53 911
24 85 724
24 55 401
37 76 587
21 19 557
76 77 452
40 54 440
5 4 79
8 71 255
21 47 490
58 85 560
42 59 58
79 95 210
51 34 262
43 87 138
31 5 881
67 71 72
9 25 375
46 96 863
13 89 895
32 58 702
1 12 584
46 85 949
10 36 103
44 45 491
18 78 619
1 42 612
34 72 754
11 37 507
29 72 863
16 32 792
23 91 465
36 66 945
78 95 860
25 68 265
29 67 362
18 92 513
32 37 816
32 61 152
65 75 250
87 5 828
58 59 771
24 53 727
18 62 640
8 78 391
0 50 410
30 73 857
6 98 498
12 32 985
46 51 686
63 78 30
13 65 324
2 99 458
31 80 858
57 80 269
9 53 725
50 49 135
25 41 785
8 62 495
1 50 158
14 97 138
23 85 899
59 95 792
63 47 980
9 62 446
84 46 316
48 88 616
83 97 81
31 98 833
11 14 643
27 74 936
62 89 267
1 75 474
31 1 404
33 81 381
43 94 970
73 5 754
7 92 963
48 81 788
21 83 993
3 92 33
1 17 86
22 79 810
7 20 665
41 86 31
39 65 810
5 82 692
10 61 647
56 81 450
20 48 698
39 62 825
10 37 30
24 56 943
12 72 32
26 67 568
59 91 71
53 89 913
83 4 662
41 80 65
7 6 210
70 58 4
91 99 24
34 40 112
55 82 435
24 46 335
30 92 417
54 73 509
13 46 465
40 69 662
21 70 478
30 80 71
40 64 453
3 72 706
41 83 12
69 88 861
10 32 877
38 69 455
81 12 8
73 97 504
6 53 45
63 73 160
7 65 485
25 31 942
7 48 743
59 88 962
58 69 448
71 99 372
15 90 734
58 82 743
35 75 931
20 68 257
2 50 115
27 45 837
15 54 291
33 50 242
32 68 576
51 78 527
61 82 535
64 2 449
2 74 14
18 39 950
65 53 75
38 59 65
46 74 577
75 80 213
46 50 224
13 30 118
55 83 292
46 89 904
34 69 354
9 93 380
13 77 440
16 25 804
73 96 851
58 74 812
23 45 485
5 23 620
75 87 697
6 38 832
0 94 949
34 43 849
12 29 426
84 82 834
7 16 922
4 58 762
13 58 162
45 48 126
9 21 130
13 66 908
1 71 152
18 41 141
67 75 894
13 26 756
43 71 395
46 12 944
46 64 990
80 88 401
5 72 527
77 94 844
15 83 423
58 28 411
8 45 552
74 94 170
38 45 894
13 40 23
55 85 860
38 48 869
27 36 598
24 91 515
73 79 61
99 68 94
48 76 320
85 90 782
52 57 10
75 77 290
49 20 260
4 8 111
67 10 359
10 88 738
91 94 535
21 42 506
28 72 138
51 90 468
17 69 599
21 28 599
8 10 34
5 53 431
51 83 460
25 71 750
36 93 946
55 62 619
5 74 204
62 75 298
67 27 450
23 29 318
24 96 618
14 35 284
70 30 617
6 77 715
61 35 291
46 32 798
4 82 952
21 92 930
24 75 109
5 47 540
49 80 697
18 97 83
34 84 180
50 58 153
10 26 179
33 85 246
50 85 384
25 28 356
0 22 748
4 54 166
35 38 74
9 10 980
47 97 285
44 65 461
14 79 539
40 44 233
21 48 134
50 66 483
45 58 305
0 48 523
1 74 532
56 58 897
1 93 890
57 66 904
2 41 679
52 91 673
56 95 615
54 95 166
62 65 416
35 55 549
49 70 368
10 31 2
53 61 402
48 94 478
26 63 39
50 65 38
34 90 133
12 44 63
19 95 89
27 69 69
25 81 938
22 25 947
14 68 9
52 93 21
31 95 450
39 86 956
31 35 435
24 98 586
50 92 158
44 66 871
9 32 215
9 67 646
6 84 388
30 56 853
91 86 89
18 70 114
47 94 725
68 69 290
29 60 838
47 99 264
36 46 444
25 29 988
10 20 71
66 18 532
15 40 518
19 92 866
58 88 645
67 90 710
10 84 784
13 51 652
15 86 469
81 95 902
28 85 966
18 64 71
27 63 108
47 88 986
39 34 516
57 22 744
72 98 145
90 97 304
25 36 513
11 13 898
10 80 64
75 60 846
29 70 103
98 91 676
85 41 589
8 53 75
98 77 265
24 61 971
0 45 485
36 52 153
36 78 437
12 71 164
89 66 760
25 75 933
25 35 865
99 11 79
95 47 104
97 58 242
71 76 460
20 38 520
69 98 256
9 61 333
16 49 358
6 75 379
20 77 837
24 41 30
5 97 338
41 49 707
75 79 483
60 94 203
42 91 193
40 68 278
24 74 529
7 54 389
80 92 76
34 86 27
68 70 298
12 7 94
75 14 2
48 26 382
48 69 286
21 30 670
12 97 67
3 90 203
42 48 744
20 56 837
19 76 615
69 84 208
30 46 368
16 78 363
28 53 57
34 21 14
56 89 802
52 96 914
4 27 272
1 34 592
98 39 738
15 97 450
40 93 934
12 59 475
58 65 166
60 8 242
6 47 745
5 77 195
49 83 971
2 96 851
12 84 407
29 65 380
23 25 59
23 48 98
10 29 684
36 40 741
47 27 540
31 83 116
7 70 565
35 29 359
53 84 898
45 93 229
86 92 677
61 65 965
85 94 251
21 85 660
67 99 286
55 56 429
42 60 462
13 98 978
31 99 974
41 65 337
98 99 953
15 36 851
65 73 448
1 15 287
3 76 830
91 96 327
82 91 895
0 28 994
10 43 694
63 93 377
22 60 259
8 39 986
19 64 174
27 81 608
4 7 876
52 67 182
70 90 248
7 17 25
0 44 399
0 74 673
34 70 825
85 93 683
34 99 947
89 67 112
21 43 781
81 84 510
24 52 219
14 71 868
45 79 325
68 94 554
69 37 551
66 73 898
2 26 21
7 66 791
63 87 168
5 20 127
19 94 47
4 40 54
58 83 347
52 69 974
46 98 562
67 98 953
13 49 124
11 30 132
96 16 119
49 72 521
4 35 986
45 75 108
36 97 73
50 51 156
17 50 222
35 45 62
52 66 892
10 23 899
3 75 945
53 4 805
4 11 69
24 27 36
27 49 805
42 38 506
59 77 215
36 80 564
38 64 43
38 54 66
12 47 67
5 30 962
71 22 668
45 70 752
18 65 617
0 33 143
31 78 867
8 28 147
69 12 368
21 82 198
23 52 724
34 54 723
34 11 903
39 78 177
19 48 924
14 0 152
52 83 171
83 7 884
3 26 675
55 75 239
11 56 356
21 32 876
1 43 578
10 56 895
78 84 770
0 56 977
22 29 755
80 66 484
92 99 5
40 81 528
16 47 767
22 48 474
9 11 234
3 87 383
31 76 104
59 81 729
73 83 387
42 64 939
43 56 141
87 4 187
10 13 574
2 42 30
16 79 158
28 52 909
18 93 940
93 82 911
29 66 461
29 47 798
35 93 618
51 91 268
7 80 430
53 96 722
0 2 535
25 89 925
14 47 100
57 86 891
71 78 331
23 75 982
17 77 242
84 73 466
3 41 522
42 45 482
22 52 469
16 30 862
87 89 720
12 94 45
35 46 524
14 32 466
93 15 703
48 60 953
57 87 518
48 30 321
65 68 905
40 80 167
32 80 923
4 0 201
26 54 551
0 91 498
44 31 727
11 91 404
23 36 311
4 23 530
63 89 625
81 90 354
89 98 520
18 45 692
63 67 172
77 90 463
13 74 1000
90 96 466
6 71 627
4 10 338
2 54 461
60 46 425
28 17 745
54 61 393
53 80 937
66 82 240
72 84 614
6 25 813
65 70 113
68 89 780
5 86 970
87 47 409
31 91 833
38 25 376
93 27 304
29 79 953
31 69 235
5 43 580
14 57 576
32 57 485
32 92 814
49 89 984
4 91 547
74 76 768
20 39 547
8 33 557
93 97 208
61 13 963
49 96 342
89 81 777
7 30 163
65 10 99
60 89 251
19 93 274
33 93 545
44 84 764
46 83 456
55 99 630
14 87 725
0 35 324
96 32 744
25 70 555
50 73 766
58 2 343
95 51 557
1 41 21
24 92 660
11 88 984
49 62 600
71 4 116
27 88 95
9 46 335
32 44 118
54 43 2
15 21 111
58 92 309
82 50 996
83 40 722
8 41 985
41 51 215
29 44 579
19 37 673
27 52 576
12 62 743
90 98 799
58 62 53
7 53 25
60 98 22
16 72 723
32 85 93
86 96 244
62 99 730
23 59 576
53 54 980
16 61 941
88 99 458
6 28 358
95 33 754
60 68 967
19 31 728
3 86 317
33 56 744
49 77 141
23 68 161
55 71 967
70 87 214
53 74 109
26 77 767
32 71 341
2 29 459
32 81 11
13 84 553
45 96 19
15 69 984
21 97 78
8 19 689
6 34 817
43 53 230
19 45 683
37 48 850
1 38 650
71 88 802
2 15 592
60 13 438
19 62 331
12 30 748
83 95 200
0 11 829
26 47 118
10 68 144
42 87 321
33 80 160
17 65 79
16 84 216
24 45 136
43 96 614
5 24 774
72 93 115
5 96 565
28 92 885
31 63 745
41 94 365
15 77 131
67 93 550
52 76 526
25 47 439
2 28 702
55 60 978
23 69 974
74 78 895
37 52 667
2 95 616
31 87 652
45 98 139
87 97 503
63 86 831
40 70 447
5 78 899
22 88 436
48 87 471
7 19 527
37 73 139
3 55 543
82 35 390
33 54 903
22 53 418
20 85 762
6 62 532
29 97 602
10 62 277
6 89 253
47 67 944
9 55 334
6 27 954
32 83 251
51 77 290
48 84 684
65 92 515
33 57 295
33 41 642
23 50 181
39 88 790
26 65 580
1 96 346
82 23 399
23 70 248
1 27 349
78 93 71
16 40 608
0 9 568
64 45 518
22 80 817
12 99 418
17 55 366
18 32 64
4 34 980
69 72 309
50 93 401
18 26 457
83 99 325
59 60 246
4 84 985
25 58 395
90 16 726
25 98 465
76 88 366
26 29 808
46 49 830
14 93 939
58 72 888
89 26 428
42 26 252
20 4 550
94 33 5
0 47 486
8 61 49
77 92 571
5 56 869
43 73 569
54 85 274
22 41 7
28 74 705
23 14 67
54 63 59
79 87 311
66 90 437
21 38 792
46 56 917
52 56 395
14 64 330
38 93 918
31 34 33
62 71 490
41 54 37
38 75 131
45 69 116
54 83 73
39 94 657
29 43 240
75 95 160
27 30 627
59 75 681
15 42 6
26 97 732
2 65 85
47 98 670
13 34 202
0 6 440
34 45 847
34 80 240
74 98 897
9 80 340
0 64 299
26 62 933
13 39 859
47 58 456
2 93 695
3 21 177
39 50 194
17 70 448
37 43 336
5 61 257
15 81 12
45 88 60
9 91 226
65 85 849
56 76 402
12 82 204
41 90 48
33 67 979
1 44 447
36 85 338
44 77 60
9 51 344
30 35 730
20 90 452
17 20 392
62 92 660
20 84 404
76 82 227
28 98 493
29 92 500
61 62 24
1 92 325
36 83 765
75 22 136
29 68 995
63 95 917
7 63 890
26 72 769
19 39 388
