100 4456
42 50
98 67
50 28
36 97
77 83
78 21
1 84
82 43
7 6
99 26
46 71
58 96
68 79
14 10
41 20
1 5
2 32
49 3
97 26
0 19
14 11
61 14
84 12
53 91
27 58
83 43
30 22
19 10
4 54
8 39
31 95
73 98
25 74
26 18
11 5
23 41
88 16
87 79
3 2
10 43
91 40
92 4
50 48
65 68
73 88
77 21
6 46
62 6
7 12
18 42
54 66
64 43
34 22
38 79
68 96
27 84
53 39
4 65
81 5
22 47
8 24
61 86
80 81
86 19
33 4
23 3
88 57
78 94
48 17
8 13
74 90
28 26
59 81
96 5
77 22
88 7
56 2
6 79
82 10
7 75
3 74
90 23
58 4
91 77
65 35
14 65
53 24
1 81
46 21
49 43
93 22
38 96
52 23
43 39
61 46
53 13
72 71
29 26
94 42
32 6
76 5
22 55
89 75
42 45
98 28
25 31
36 57
23 92
39 83
16 59
11 81
77 94
9 69
65 1
73 67
84 10
44 28
6 96
62 75
63 6
49 71
93 94
34 53
38 18
81 72
35 38
14 70
61 79
41 88
1 64
5 20
71 62
22 83
47 46
61 28
85 42
25 82
33 85
96 72
23 43
13 69
12 44
3 1
7 10
55 23
24 40
45 24
42 32
98 48
59 6
25 59
36 98
86 33
77 53
56 35
87 4
62 26
7 11
18 0
40 47
48 2
58 85
99 70
92 43
45 31
84 54
41 49
46 42
66 61
81 41
22 38
57 77
97 70
79 2
43 8
89 10
32 75
85 53
69 36
94 40
96 4
29 54
60 44
23 71
11 3
12 63
16 15
4 17
74 51
24 0
42 56
85 66
59 92
96 41
33 43
83 87
86 28
56 1
90 83
18 69
74 36
54 39
59 12
73 33
86 5
40 55
95 2
58 43
46 53
76 4
17 11
45 59
52 83
70 20
53 25
69 37
94 0
30 69
5 29
46 66
2 81
76 41
17 55
20 28
47 96
80 75
68 23
89 54
29 38
85 40
25 15
33 71
11 92
39 94
78 69
7 65
74 37
54 24
24 91
91 8
0 81
50 43
59 75
73 28
86 48
26 11
37 59
40 83
90 21
18 39
48 35
54 13
63 26
75 0
66 91
34 69
52 38
26 55
87 23
1 75
75 77
76 3
9 59
17 83
64 42
81 92
79 35
61 4
68 47
69 63
85 0
89 65
25 60
16 51
39 17
2 64
51 93
20 48
74 97
55 83
42 84
0 41
43 78
15 6
72 42
83 66
13 82
77 69
37 90
62 65
40 38
19 77
56 34
86 72
54 8
90 22
8 36
67 86
0 64
45 15
13 59
26 83
40 21
87 47
10 66
9 90
17 38
22 17
81 43
70 29
79 1
80 10
32 54
69 73
6 23
5 49
16 80
11 71
2 6
49 42
38 47
68 55
97 77
89 70
15 92
53 36
25 51
16 37
12 27
90 94
28 17
55 21
59 11
65 9
44 85
86 41
26 38
40 22
41 79
90 42
95 1
4 74
19 2
63 54
10 40
81 71
45 89
79 52
36 33
88 5
60 7
82 77
99 2
76 43
58 21
64 40
34 31
79 82
32 38
14 68
85 39
69 50
25 80
27 26
16 97
29 17
2 12
12 95
51 69
94 13
74 16
67 79
97 2
0 92
61 23
59 54
43 36
72 40
53 44
27 47
13 15
86 3
56 60
73 4
19 68
90 53
4 35
48 34
95 52
8 63
66 8
45 51
44 43
26 22
1 54
63 38
7 61
99 68
75 13
17 94
52 53
35 69
70 49
32 70
69 7
6 55
85 24
60 95
82 2
99 74
12 45
58 87
49 40
64 77
14 35
98 71
43 37
53 63
72 0
39 69
56 9
71 27
4 1
48 62
47 23
89 61
72 77
73 3
86 92
33 42
23 66
41 18
78 90
95 34
21 4
63 70
8 99
28 2
75 8
66 52
91 36
52 93
50 87
79 62
36 48
60 45
87 21
5 46
82 68
2 26
58 42
17 53
64 91
92 66
34 90
22 69
93 82
84 2
25 30
27 54
51 24
30 15
49 77
12 32
55 53
24 25
97 35
0 26
72 91
29 2
83 68
30 78
11 87
26 17
71 29
90 0
95 62
23 40
10 39
9 80
66 25
45 97
31 12
33 66
36 72
1 70
5 79
7 2
2 10
54 36
9 37
92 40
91 44
35 24
68 94
65 20
69 45
6 21
16 57
93 90
20 43
81 87
35 31
97 1
0 10
15 54
27 38
72 39
53 50
30 89
71 76
4 34
8 7
10 24
0 11
47 55
89 2
42 92
73 43
70 84
26 93
23 77
77 15
88 3
56 99
87 94
3 20
63 17
19 82
28 35
65 27
69 19
77 78
36 41
62 2
82 1
18 36
63 61
49 39
92 77
64 13
93 15
34 89
58 40
20 71
85 25
25 57
27 70
72 24
83 8
30 51
37 30
71 32
76 87
74 19
22 31
8 98
0 54
73 71
31 26
23 91
88 85
78 51
10 8
24 36
89 74
42 75
45 16
31 47
70 79
36 3
6 94
78 36
62 68
82 52
5 18
99 34
2 65
58 0
68 93
65 29
44 87
53 98
1 61
58 77
49 13
93 89
76 42
20 10
81 66
55 69
97 34
94 36
13 30
23 39
29 31
98 42
50 0
25 88
26 69
33 91
39 90
77 51
88 43
56 27
6 17
3 29
7 1
54 73
24 44
91 50
67 23
52 24
34 80
44 42
60 84
62 35
54 99
63 2
64 52
66 44
38 93
81 40
84 82
43 98
27 17
60 5
83 25
30 97
76 66
4 9
8 19
35 78
80 2
42 10
85 36
32 74
13 16
33 39
88 71
19 60
10 25
9 57
45 98
42 11
98 66
59 2
70 18
39 78
77 37
6 93
56 29
40 31
86 87
90 59
99 60
21 83
58 39
66 63
65 49
1 2
63 74
35 89
57 99
69 5
31 65
13 57
23 8
4 80
3 32
8 56
20 87
74 28
42 54
31 38
25 67
96 77
33 13
37 88
99 9
28 15
74 5
91 95
67 55
59 74
73 87
44 40
82 60
41 83
95 20
18 50
58 13
49 25
75 63
76 0
38 69
97 9
79 27
32 1
29 62
60 81
1 74
5 23
71 79
2 61
17 59
57 20
47 53
32 31
85 63
50 24
94 99
11 68
51 37
78 16
56 32
3 14
74 48
73 42
65 58
86 66
82 9
21 22
54 95
58 8
10 36
93 30
92 52
66 50
45 67
26 59
30 57
63 31
17 90
22 51
35 37
47 93
79 29
43 56
61 0
85 73
60 64
25 46
96 39
11 13
16 28
12 6
51 97
3 58
8 84
74 72
55 90
67 38
24 7
42 70
98 91
50 8
77 16
86 40
56 14
37 67
87 24
18 98
4 20
48 76
91 32
8 5
34 57
73 66
26 90
41 22
21 42
95 29
48 88
46 73
76 39
66 27
17 15
22 80
52 89
57 95
32 34
29 9
60 6
30 98
16 96
5 55
71 18
12 92
22 37
64 44
57 29
47 0
55 15
80 82
20 40
85 50
31 17
98 39
53 5
27 35
96 13
39 97
15 68
23 62
78 98
33 25
90 51
28 80
74 41
24 95
91 56
67 22
55 78
15 74
72 44
73 40
26 15
62 60
21 53
1 52
48 49
58 25
10 63
9 86
66 95
45 33
35 30
84 80
32 62
60 92
6 31
5 83
99 20
46 50
76 13
64 63
57 76
47 69
79 49
68 90
69 6
85 7
25 96
96 8
16 72
39 30
2 74
56 84
3 79
20 77
97 20
0 68
98 13
59 34
27 31
73 0
19 27
18 19
95 32
54 56
63 62
8 81
66 45
45 28
42 61
73 77
65 96
26 89
36 42
77 88
41 53
1 34
63 15
46 7
10 99
99 27
76 8
9 33
17 51
52 37
32 60
85 98
60 75
5 21
11 25
2 35
12 26
49 63
64 99
97 27
43 48
15 1
25 72
96 52
37 28
71 12
3 96
59 15
72 99
73 91
44 8
65 18
26 51
86 68
88 40
21 0
1 62
18 56
78 67
63 60
10 50
17 80
45 48
52 97
35 57
88 61
82 27
5 22
58 36
17 37
92 44
57 14
38 15
34 67
68 89
85 45
51 98
3 18
20 68
38 78
55 37
61 59
86 13
26 80
13 28
19 76
95 58
48 46
63 9
8 6
52 30
70 38
50 36
33 44
60 10
7 20
99 76
76 25
17 97
64 7
92 63
35 98
32 80
85 19
6 78
94 56
60 11
82 29
12 54
58 44
49 50
93 67
20 13
74 71
64 27
0 52
15 34
27 15
72 7
73 24
30 33
40 30
90 16
4 14
8 92
47 59
42 68
73 13
44 25
33 63
39 88
77 86
19 49
95 46
87 51
1 9
7 27
41 69
28 29
10 95
75 56
17 30
45 41
57 84
69 10
60 54
6 89
62 20
87 36
99 49
12 65
20 8
57 46
38 51
68 37
27 60
83 45
37 4
55 73
22 88
97 49
47 90
72 95
73 8
11 44
19 14
21 24
4 86
3 12
48 96
78 28
10 45
51 67
28 76
66 84
42 35
52 57
60 65
6 51
62 27
82 32
7 29
99 14
18 48
54 81
58 73
87 37
5 93
28 88
46 56
34 28
68 97
84 76
69 54
14 58
27 9
12 70
93 33
76 36
20 52
55 16
97 14
0 62
32 20
29 76
72 45
86 25
30 48
37 3
40 57
71 83
90 98
19 58
11 63
29 88
31 82
70 17
50 73
39 67
88 13
6 80
56 12
77 28
23 27
99 58
28 49
9 3
92 7
52 98
50 99
79 18
65 47
44 36
69 65
60 70
82 14
18 81
21 59
2 60
63 20
92 27
64 32
20 25
81 63
38 97
97 58
14 46
15 9
72 19
83 56
30 72
37 85
71 38
19 84
76 44
67 24
0 60
80 20
61 36
89 76
29 49
42 52
73 25
25 55
11 99
40 98
23 95
51 33
95 18
19 46
3 47
39 86
8 11
10 56
74 87
87 30
91 92
67 31
45 43
70 93
36 13
62 76
82 58
7 49
54 6
58 7
34 72
38 30
68 16
97 84
84 14
14 79
53 10
12 17
97 46
47 51
35 33
43 26
29 14
13 85
16 21
90 19
78 4
47 36
45 71
96 99
6 30
56 47
87 16
90 67
99 79
7 14
91 75
67 59
68 57
65 83
84 58
26 88
62 49
1 27
49 56
52 67
97 79
79 12
61 97
27 30
22 33
8 65
47 37
32 88
50 98
96 50
25 21
11 27
77 4
51 48
28 46
54 43
24 6
9 71
98 99
70 69
59 29
73 36
44 73
36 52
6 16
56 55
62 14
48 23
58 45
54 75
92 32
64 84
63 76
34 3
38 57
81 7
93 4
70 74
44 99
41 78
1 29
63 88
75 64
17 67
81 27
47 97
80 76
89 58
32 49
31 9
33 19
11 95
23 56
78 85
24 92
91 10
85 64
50 45
39 48
6 57
87 98
18 43
99 18
48 47
24 12
91 11
21 51
59 88
65 22
44 50
18 75
1 76
21 36
49 84
46 41
66 12
38 98
52 33
35 72
47 30
79 47
53 70
32 14
71 93
51 4
57 23
47 73
42 9
85 6
50 19
77 85
12 74
56 38
62 84
7 79
74 77
91 54
59 49
44 7
86 99
26 86
62 46
41 51
90 5
82 18
40 33
58 56
63 14
10 81
75 92
66 75
81 45
45 87
84 96
61 57
32 58
60 68
6 88
75 12
17 33
64 81
57 47
47 16
80 14
89 79
69 2
85 92
94 75
11 32
12 35
56 70
51 3
78 71
28 18
91 65
15 29
59 14
86 50
77 43
56 22
40 28
90 48
18 10
7 96
19 12
63 58
8 61
92 84
34 71
65 53
73 99
41 37
95 55
1 14
10 64
76 45
81 32
22 4
57 11
70 59
79 83
80 58
35 3
32 46
29 18
60 35
94 26
96 19
85 43
5 78
12 1
3 17
20 50
97 12
89 96
85 75
14 23
59 58
25 40
53 61
96 32
83 6
86 7
7 18
28 4
91 70
0 29
15 88
72 64
31 20
86 27
19 23
95 83
21 73
48 21
18 54
46 43
63 46
66 11
52 72
35 85
70 90
32 79
6 67
94 10
60 1
5 89
99 23
2 76
76 32
22 3
64 6
47 98
68 33
29 4
27 14
96 56
16 91
2 88
51 43
12 82
49 64
3 93
20 27
74 13
55 48
43 61
83 12
13 42
26 96
37 66
62 18
44 19
90 41
19 47
95 38
48 22
8 2
45 40
52 4
70 15
41 73
87 33
5 51
99 47
46 26
76 56
9 66
69 1
85 10
94 54
25 69
5 36
16 39
11 84
2 49
12 34
51 71
64 12
24 65
67 30
83 75
86 45
37 40
40 4
19 11
48 94
42 27
45 0
44 56
13 66
33 81
26 72
23 64
19 55
21 7
78 87
63 96
8 74
10 75
81 84
79 94
36 99
69 52
87 5
16 24
99 55
2 14
49 92
92 64
93 21
20 45
57 22
38 28
68 48
97 11
84 23
85 54
14 83
27 46
53 68
25 39
12 15
71 82
3 69
24 70
67 16
55 41
47 67
15 86
29 23
31 76
86 32
26 4
40 3
41 57
19 83
21 98
48 53
63 18
8 35
75 65
66 70
9 0
42 29
52 85
79 17
88 27
6 28
62 12
5 97
7 23
46 54
99 83
54 61
58 41
22 71
20 19
34 42
64 26
57 94
80 18
68 72
94 70
82 55
16 8
2 86
49 75
93 87
38 48
55 3
14 21
15 46
59 18
61 33
29 47
37 91
71 90
90 43
19 38
48 93
8 1
89 23
45 39
31 49
44 84
70 80
33 6
73 32
78 66
87 72
5 30
56 74
46 65
10 11
7 47
91 2
57 17
50 64
69 62
6 48
99 21
2 46
18 61
12 9
58 6
20 56
84 55
15 79
27 96
83 54
37 39
4 94
0 46
61 5
43 35
29 55
72 11
96 81
26 85
11 64
40 43
88 45
19 22
78 40
95 93
48 0
3 31
8 82
28 83
9 39
66 17
52 71
50 6
33 12
36 95
77 66
6 72
87 41
82 38
21 67
54 2
91 74
64 54
93 53
57 93
38 4
68 3
84 83
27 18
16 25
30 0
12 80
49 11
93 66
38 41
97 22
47 28
15 96
61 48
32 23
72 54
83 38
13 39
86 84
40 71
90 10
19 94
51 42
89 55
50 92
96 64
36 45
39 87
6 4
56 31
87 3
3 59
7 83
62 11
28 21
17 71
64 65
92 26
34 0
79 69
68 85
6 41
62 55
82 22
63 23
49 54
93 40
20 84
34 77
38 3
75 61
81 6
84 21
15 18
43 52
32 47
83 70
13 24
19 17
76 64
22 87
8 62
61 81
29 21
31 46
85 61
33 26
11 12
36 19
77 0
19 53
78 91
95 69
51 66
7 38
99 17
28 22
24 2
91 1
92 10
73 5
56 59
62 83
5 98
6 18
21 33
18 68
99 53
63 47
38 85
68 43
71 80
81 12
35 66
47 72
57 74
43 34
29 22
31 79
94 2
11 75
16 36
71 37
12 20
19 93
23 54
48 24
8 60
24 68
98 6
50 26
36 56
39 66
88 58
78 68
56 90
3 78
7 22
18 13
99 93
90 87
91 82
92 54
93 69
34 39
84 94
41 33
30 24
75 2
66 74
81 75
38 43
97 93
47 4
43 62
53 60
32 83
69 99
23 65
71 97
4 69
8 9
20 81
80 55
89 22
42 79
85 2
98 92
94 74
31 96
33 54
96 75
23 38
11 47
25 36
78 13
62 70
56 15
7 94
54 52
91 34
92 65
9 25
34 24
59 55
73 81
84 17
6 43
62 22
5 19
40 87
18 1
48 59
63 83
54 82
10 61
93 39
64 17
34 13
68 10
35 0
84 53
14 69
53 9
71 30
75 74
76 75
81 47
35 77
57 31
79 59
80 83
89 94
32 21
61 92
31 18
94 35
25 37
33 65
23 70
77 24
12 29
51 91
7 17
28 93
74 50
55 87
91 62
42 96
15 23
50 54
72 61
65 80
39 77
86 6
6 71
56 89
62 94
40 42
90 66
21 72
87 10
92 70
34 8
66 1
73 64
44 75
84 93
41 48
95 59
63 21
46 68
75 35
76 26
22 0
35 91
80 38
43 9
89 17
29 93
60 29
11 54
71 16
12 76
51 39
49 61
3 80
74 7
89 53
98 26
59 38
25 63
83 2
78 52
7 93
18 25
74 27
54 62
90 40
4 31
0 23
86 12
26 42
40 66
41 72
82 69
21 41
1 38
48 78
58 70
90 61
18 34
93 8
76 10
66 82
45 44
35 39
61 71
32 94
60 76
94 52
82 74
11 65
2 47
20 92
69 29
14 31
27 83
23 17
12 49
78 25
56 80
3 97
51 13
28 69
74 95
55 66
91 9
67 72
59 22
73 92
83 74
44 10
86 75
37 44
41 4
19 31
90 77
21 3
99 24
63 94
66 34
84 69
36 81
1 22
10 74
75 82
76 54
9 44
17 40
22 39
47 71
80 94
60 49
11 70
51 8
12 14
3 30
20 75
98 54
59 94
15 83
53 20
25 50
27 21
56 97
40 0
37 63
90 91
21 85
54 9
67 41
0 55
31 23
73 75
13 44
44 54
40 77
41 3
19 59
10 35
93 25
76 65
81 70
52 91
57 60
70 33
79 51
36 64
32 93
69 32
6 87
60 14
16 98
12 58
49 68
93 78
20 26
57 89
68 66
89 69
85 34
53 27
96 70
16 95
83 1
30 36
37 73
56 30
97 59
15 21
65 57
44 65
86 11
83 31
23 2
41 85
18 9
1 17
48 37
21 43
8 29
10 1
66 60
9 73
50 61
84 24
88 12
6 42
62 74
5 72
76 70
17 91
92 2
57 51
79 37
68 40
84 31
29 24
32 0
94 60
25 98
82 59
2 21
49 35
20 11
38 66
24 9
68 61
97 90
0 38
43 27
15 22
53 29
73 10
83 82
86 54
56 16
40 39
90 13
95 80
42 47
65 98
44 70
73 11
31 55
36 92
23 74
77 36
19 78
95 37
88 75
78 44
63 0
7 31
28 59
41 43
1 93
91 20
92 68
9 50
99 15
35 25
70 48
65 88
69 58
36 12
6 66
60 46
5 41
99 78
49 1
20 54
68 44
55 39
97 15
43 95
15 94
53 76
25 45
30 63
56 57
24 80
97 78
43 29
96 61
13 50
40 13
23 35
21 10
48 73
8 49
9 7
66 80
50 2
70 72
33 74
77 44
60 79
62 31
5 3
87 77
82 15
99 89
58 68
92 35
93 37
57 97
34 63
14 51
85 9
27 93
58 74
49 82
93 44
76 61
74 84
38 77
55 13
53 49
86 70
11 2
23 1
40 8
19 51
95 30
90 52
48 16
10 62
42 83
31 21
70 4
98 61
36 26
6 0
62 82
5 85
7 90
9 95
92 1
64 62
79 16
84 15
60 96
6 77
62 59
82 89
12 18
93 63
38 91
55 8
0 17
14 37
61 40
53 14
27 0
83 60
30 50
37 45
71 28
0 53
89 90
45 19
42 38
98 77
96 2
26 8
11 74
23 82
39 36
51 44
40 52
3 67
63 24
7 15
91 76
45 32
79 57
65 86
36 11
6 91
60 18
87 68
82 51
7 78
99 37
5 43
58 1
66 20
38 39
84 89
53 58
27 69
83 9
37 19
71 96
4 30
22 36
35 44
97 37
0 93
15 0
59 24
80 31
29 89
13 45
11 35
16 5
8 46
28 51
74 81
10 9
9 19
89 78
42 22
45 56
31 42
50 1
98 2
33 82
39 44
77 50
6 39
62 15
87 13
91 49
17 25
34 7
38 24
68 8
84 51
14 30
44 2
1 31
63 59
46 99
20 17
76 68
81 35
35 63
79 88
14 73
61 91
72 9
94 27
13 19
31 51
11 1
4 16
80 59
29 36
31 53
98 68
25 5
33 34
11 31
36 65
77 7
88 70
56 86
78 95
3 33
7 51
99 30
74 64
91 14
67 87
50 82
73 61
65 28
6 13
62 89
41 42
95 88
21 66
64 80
75 27
38 8
44 74
14 16
27 24
53 79
60 12
1 59
30 45
71 4
4 57
81 31
22 63
35 99
47 91
89 51
42 17
94 29
25 48
96 1
16 81
39 73
13 56
19 16
51 50
78 45
12 23
74 6
24 76
91 58
67 42
42 53
70 71
50 34
39 99
77 95
56 33
87 52
40 36
82 30
18 32
7 37
54 14
58 62
48 67
99 16
91 86
34 45
68 25
65 48
41 66
21 61
1 90
30 19
63 78
75 29
66 88
22 73
35 50
47 39
15 24
89 80
80 15
43 79
60 23
94 76
11 34
23 9
71 3
12 47
16 41
4 98
22 99
8 18
55 36
89 37
42 93
85 29
15 31
25 81
39 50
77 45
88 17
78 32
87 25
62 80
83 20
51 27
37 5
54 58
24 49
91 46
7 97
90 63
34 19
59 78
65 72
44 1
73 2
62 37
41 40
18 14
58 60
93 45
76 52
9 5
81 34
52 63
35 7
84 73
32 51
53 18
1 78
46 29
2 31
76 82
17 44
64 20
57 67
89 97
32 36
25 41
23 80
51 95
78 56
20 74
24 14
67 40
55 44
0 31
98 82
59 89
50 60
72 20
36 17
44 52
73 68
6 25
56 48
40 63
82 57
90 99
19 88
95 86
48 33
58 9
63 51
21 91
92 80
66 14
73 74
65 41
26 44
41 77
1 89
63 36
99 88
76 34
81 15
52 99
35 95
32 37
29 16
94 14
96 62
49 20
3 4
20 35
28 57
74 26
24 58
85 49
15 90
27 78
33 80
39 95
86 1
77 56
56 72
62 30
83 29
90 50
21 39
4 67
74 47
24 86
91 96
67 77
0 59
44 34
95 33
48 5
10 29
93 56
9 81
45 64
22 98
35 45
79 28
61 25
69 11
82 88
30 84
2 90
49 27
22 95
20 1
57 33
47 52
80 37
89 16
33 89
14 67
98 62
31 24
53 12
27 89
16 75
25 92
78 84
7 57
91 18
15 78
72 29
65 85
44 62
86 82
26 73
40 50
23 20
90 27
19 67
21 13
95 28
75 58
34 84
84 98
32 30
6 36
5 40
9 64
52 27
79 48
80 97
61 62
84 88
29 98
60 21
25 43
16 26
39 19
51 56
12 22
3 85
64 88
20 82
74 54
55 50
97 67
42 24
98 60
15 89
27 36
72 76
73 52
83 49
77 84
86 34
37 6
62 57
13 41
90 95
95 96
21 8
7 98
0 78
45 92
31 59
65 43
77 5
95 48
87 63
63 73
46 58
75 46
79 72
80 30
32 16
85 84
6 44
60 22
82 67
74 65
55 7
89 98
15 51
25 26
72 32
96 80
37 92
71 21
90 45
28 19
74 38
89 88
73 34
26 7
37 12
41 8
78 81
1 30
21 52
63 16
46 84
28 67
4 5
66 96
42 59
79 4
36 35
32 57
88 31
87 99
62 88
99 33
92 29
17 95
57 72
38 73
68 50
14 28
94 96
11 30
20 15
97 33
0 51
14 5
43 47
61 44
15 37
29 67
73 62
72 14
13 92
30 64
37 75
90 32
95 4
4 48
48 3
10 58
66 18
45 26
52 19
31 78
70 0
26 95
23 88
41 52
6 73
60 17
5 39
7 67
46 79
9 75
92 76
81 30
64 58
35 84
52 32
68 7
80 57
32 98
94 18
5 68
58 29
49 14
92 88
93 81
64 86
34 64
20 60
68 27
0 80
14 48
43 11
59 57
27 73
25 54
72 58
83 46
13 43
56 71
4 72
48 85
0 37
43 55
73 60
90 64
96 20
33 76
40 32
88 34
19 48
95 3
87 7
1 57
63 98
10 46
45 11
52 56
79 85
33 88
69 17
87 27
5 13
82 28
93 41
64 46
34 6
57 3
85 18
25 65
53 38
16 70
93 64
76 20
74 17
55 32
97 48
0 97
15 73
89 86
80 88
61 99
59 98
72 46
86 80
30 12
37 11
40 56
11 29
90 58
71 66
13 26
51 81
78 92
8 22
95 85
10 79
42 89
45 54
98 20
50 76
70 39
36 34
62 86
82 96
7 33
28 5
91 55
17 56
92 14
34 92
57 85
65 87
84 28
44 20
27 57
82 48
18 23
1 88
12 69
58 49
49 46
97 72
14 41
53 22
30 75
19 4
31 37
50 32
33 14
11 88
23 86
39 81
51 64
78 75
28 48
52 84
36 15
65 42
60 69
6 95
5 52
82 72
99 41
54 55
34 75
81 76
68 32
97 4
84 48
53 94
27 98
30 26
4 85
35 64
47 50
43 22
89 28
29 48
31 97
94 23
96 76
33 58
16 61
39 41
88 9
23 46
78 26
8 53
24 47
67 36
42 37
70 8
50 14
36 60
39 64
86 20
6 45
56 87
62 28
82 4
7 48
99 3
18 11
2 57
92 46
93 43
64 18
57 71
68 56
65 66
84 72
14 85
1 67
46 12
75 23
17 5
81 49
15 98
43 94
32 33
61 95
31 30
13 65
37 70
23 79
51 92
4 43
96 49
36 9
23 28
78 11
3 66
90 81
28 41
54 38
24 55
67 44
34 10
84 4
18 83
52 81
84 41
14 43
43 17
32 28
60 31
71 39
76 49
22 6
47 95
42 30
29 41
31 16
50 84
25 77
94 55
33 79
39 92
16 2
51 75
78 54
56 53
23 96
77 10
19 43
74 35
28 3
91 94
67 63
0 88
70 98
98 49
59 33
70 25
65 0
86 29
77 11
56 66
62 72
7 41
21 50
99 43
54 22
95 21
48 87
10 12
92 96
93 10
34 54
45 61
68 84
84 3
14 71
30 65
75 55
76 14
81 86
22 92
17 81
57 21
61 32
89 4
32 48
85 11
69 31
94 83
19 71
78 65
20 29
8 69
28 85
42 16
85 55
98 14
50 79
96 86
33 96
72 12
83 23
77 54
88 30
37 61
87 84
3 77
7 3
99 71
90 6
48 42
74 31
67 99
92 18
34 65
59 5
73 29
44 14
26 81
41 50
88 20
95 87
1 28
18 22
46 11
10 23
76 58
81 46
35 26
61 56
94 38
5 44
30 70
46 55
76 86
22 75
57 87
80 48
89 3
69 59
85 83
98 58
94 21
33 18
16 35
39 26
23 4
12 78
11 28
56 0
78 70
77 65
3 91
54 17
24 22
67 50
91 93
55 64
0 67
13 61
26 41
6 84
40 6
62 3
90 12
54 53
58 18
63 72
10 47
93 65
75 38
66 22
84 43
70 36
44 86
60 15
1 48
5 63
76 46
52 12
79 66
61 58
68 81
32 41
69 90
94 22
25 13
96 79
16 1
11 96
12 89
56 69
49 23
3 39
74 34
24 94
15 33
59 72
98 46
39 11
86 14
13 77
37 2
62 85
18 17
48 40
54 93
66 94
42 88
45 68
73 49
84 71
40 12
21 76
63 41
46 38
10 55
76 79
9 2
17 92
45 74
52 75
57 53
35 54
79 40
61 84
69 15
85 70
60 89
5 99
2 33
51 65
71 25
49 47
12 51
20 14
38 81
55 92
68 64
97 21
24 17
85 22
59 4
25 1
16 82
78 17
56 39
3 13
4 42
28 10
55 12
67 95
91 69
0 33
15 5
72 55
44 79
40 75
19 87
78 61
18 93
48 77
95 40
46 70
79 0
32 85
60 51
34 61
47 84
27 72
51 70
56 24
49 55
3 8
38 64
0 28
15 48
43 31
13 68
40 26
19 42
21 56
4 66
8 90
45 1
50 12
44 96
26 75
77 61
60 80
5 7
46 94
99 42
75 53
76 18
9 35
92 47
81 4
52 11
57 0
35 70
79 91
36 88
32 43
85 17
60 37
5 27
58 23
93 61
20 46
74 9
68 12
97 42
0 96
59 85
25 34
72 38
86 79
30 2
37 1
90 54
8 15
67 32
45 52
13 35
33 47
40 11
78 2
87 92
1 85
63 43
8 78
28 87
10 22
91 31
17 10
45 82
96 59
70 50
79 39
69 80
88 67
60 97
87 12
5 95
18 74
2 72
99 66
49 38
64 22
20 79
57 91
38 92
34 2
80 43
68 75
22 70
14 40
15 4
27 3
53 15
30 68
49 21
3 25
90 65
74 80
38 12
24 69
67 56
15 41
61 64
53 78
72 22
29 87
59 43
26 10
37 82
40 54
71 44
19 40
30 74
11 23
51 61
63 71
90 38
8 89
48 13
52 65
70 7
79 24
33 55
77 2
6 92
88 86
62 21
82 53
60 30
99 40
5 45
87 75
78 74
2 4
1 43
64 94
57 39
34 68
68 26
32 10
14 0
69 97
94 69
27 85
16 9
2 41
12 16
58 55
49 22
93 2
81 23
35 61
97 40
15 3
59 71
61 6
83 53
13 52
56 25
37 34
40 65
48 8
47 64
89 87
42 28
45 62
31 48
50 11
73 96
26 54
33 83
39 61
77 68
23 21
95 13
87 26
1 71
99 0
17 65
52 70
70 95
79 8
36 86
60 16
6 75
62 87
82 40
5 32
12 57
58 83
49 94
92 21
64 53
20 18
34 35
55 65
53 51
72 17
83 93
76 23
4 39
8 80
47 6
0 3
43 89
61 12
29 66
73 18
33 38
11 55
40 70
19 91
51 2
95 8
8 37
91 15
9 62
66 24
70 45
36 46
6 26
62 42
7 66
99 91
93 13
68 54
84 40
44 23
12 98
93 35
38 11
55 70
81 55
15 43
53 37
32 87
72 93
83 0
94 31
11 83
51 68
4 13
89 66
45 9
50 38
70 19
36 79
39 2
88 96
6 10
23 42
62 53
87 54
7 40
9 60
91 89
92 94
52 17
79 25
44 47
84 0
6 11
69 57
62 66
5 58
18 90
2 43
21 64
49 93
66 59
81 83
68 38
52 61
14 13
61 26
15 71
27 10
53 97
60 88
83 69
30 34
19 24
4 8
8 30
47 75
0 43
61 47
89 40
98 11
25 99
96 83
39 68
88 18
51 35
78 34
77 52
3 63
7 0
74 29
28 91
24 90
67 81
45 80
98 55
50 22
36 96
39 74
87 38
5 84
82 39
99 13
63 42
58 94
92 53
64 69
38 65
68 70
65 99
97 24
14 8
84 91
53 30
1 87
76 83
22 68
57 78
0 71
61 11
89 0
32 66
69 88
80 42
85 82
13 9
31 85
11 22
85 47
29 91
51 1
78 62
12 67
28 39
74 76
55 61
89 77
42 3
98 83
96 21
33 53
88 4
6 65
56 63
87 70
82 24
86 47
28 68
54 51
24 78
74 88
92 93
58 17
34 62
65 50
73 23
84 39
44 83
18 89
21 12
49 69
75 90
93 34
81 22
17 77
52 2
43 30
29 39
60 67
11 94
46 59
22 35
8 57
20 47
50 17
96 22
77 62
56 73
3 50
7 39
74 49
54 80
91 97
44 38
86 55
26 77
41 92
48 44
54 37
10 31
64 24
75 15
34 60
93 62
81 94
52 68
68 17
44 21
70 5
84 13
61 65
41 12
60 86
30 9
81 42
64 31
52 74
35 82
17 2
89 39
85 15
31 71
25 95
11 53
39 52
23 69
19 25
78 9
51 34
28 8
74 14
55 2
67 92
91 30
42 43
59 40
25 29
72 31
83 59
37 20
56 50
87 17
90 35
7 13
21 26
48 63
8 88
92 69
34 9
45 27
65 95
44 22
40 74
95 44
87 61
63 77
10 59
93 60
66 36
9 20
22 52
97 25
57 37
79 63
43 57
89 24
60 33
94 51
5 64
11 93
2 87
51 62
64 59
38 61
80 77
89 13
42 71
85 89
98 94
96 53
53 88
16 49
77 9
37 27
56 7
62 24
74 86
28 52
54 30
4 36
24 37
55 74
59 77
73 83
44 94
86 21
62 13
40 35
90 31
21 11
1 0
95 63
63 91
18 97
76 17
79 73
60 28
1 77
5 6
82 78
46 89
17 35
35 15
57 63
47 70
68 2
80 91
69 33
85 51
98 17
14 36
96 93
27 40
39 62
23 24
3 45
74 46
28 25
67 26
15 66
59 91
27 61
72 90
86 22
40 1
90 82
95 73
63 39
10 15
66 97
65 32
88 55
41 11
95 99
63 68
76 93
92 31
70 64
61 17
80 39
85 80
94 97
5 12
16 58
2 66
51 9
49 90
3 19
74 79
67 10
15 40
27 77
25 14
33 24
72 15
86 94
30 20
83 89
53 67
71 5
7 25
4 63
54 57
8 86
67 11
66 30
59 68
72 78
65 56
31 87
13 29
33 31
26 1
86 42
41 54
21 38
1 39
78 20
63 13
46 80
91 88
81 69
45 49
9 76
52 34
70 6
69 96
32 8
60 72
94 30
82 36
16 84
5 75
2 40
58 31
49 15
17 82
20 94
57 50
47 17
34 20
68 35
80 13
89 25
85 97
69 48
27 91
53 86
16 46
83 51
51 80
56 19
49 78
90 62
20 42
74 96
97 44
43 67
72 89
73 94
26 52
37 49
40 34
62 25
95 7
18 57
1 24
8 33
10 51
66 16
42 87
52 62
45 14
79 98
26 82
36 83
88 21
60 4
6 68
1 13
5 26
87 35
54 88
76 69
9 49
92 90
22 9
52 15
35 80
17 34
79 95
68 1
69 72
85 30
84 36
25 84
82 44
11 24
49 89
55 34
67 65
97 63
43 86
59 8
98 69
72 51
13 32
30 29
86 93
40 62
90 60
19 73
4 50
66 57
31 66
44 69
65 84
26 34
36 38
70 43
41 70
7 36
10 37
9 14
17 62
81 24
52 60
57 98
70 75
79 45
50 59
32 25
6 35
82 63
12 85
49 51
64 37
20 93
34 29
97 73
15 39
96 24
27 13
83 97
71 41
4 7
24 98
67 70
97 99
0 91
61 74
89 36
59 52
72 37
73 93
29 44
86 0
37 86
71 64
51 20
21 17
4 27
95 45
10 97
28 63
24 88
75 57
42 66
52 9
31 61
70 26
79 19
33 78
77 29
6 1
60 85
87 82
5 54
78 88
18 49
62 36
82 73
58 15
92 89
57 45
27 8
82 99
16 18
83 30
12 43
20 0
55 60
0 39
43 28
29 63
94 88
86 69
37 46
40 9
95 19
8 72
9 84
31 77
50 15
98 31
26 60
70 10
23 36
41 17
6 52
56 5
87 34
5 65
7 63
39 20
28 99
77 76
9 46
52 80
50 78
79 56
65 81
69 85
96 14
6 82
60 43
5 38
41 61
18 67
2 13
55 9
14 95
43 96
53 72
83 16
19 98
4 45
47 35
0 13
89 63
42 0
29 99
25 64
26 9
13 46
23 37
77 32
51 29
78 14
39 27
3 81
40 80
7 73
10 16
95 56
66 19
67 61
42 77
9 79
45 96
70 54
60 71
87 15
7 99
18 86
49 30
66 67
34 14
38 62
97 98
44 59
53 4
27 25
83 57
46 88
71 43
22 27
97 95
35 29
47 1
61 82
43 72
32 44
29 50
31 39
13 79
37 96
23 97
71 75
90 30
78 58
51 76
28 7
10 57
45 18
31 68
70 65
96 78
33 37
36 93
77 14
51 88
56 81
87 60
18 46
28 27
54 28
91 48
64 57
68 9
44 90
69 71
84 7
62 99
82 95
21 74
1 36
58 37
20 24
76 15
38 60
35 76
32 63
53 3
30 46
11 51
37 18
71 26
76 78
8 85
35 88
47 82
25 2
80 44
42 39
29 27
25 12
16 23
78 46
87 9
56 41
3 6
99 19
10 98
54 96
67 2
92 30
50 37
36 0
73 31
86 59
56 64
62 50
41 68
21 35
54 48
10 88
93 58
64 98
38 9
97 19
30 79
71 10
22 76
57 5
47 34
0 25
43 3
61 15
32 99
85 86
72 98
31 8
80 63
89 7
39 32
78 79
20 59
24 28
91 4
67 68
55 20
50 97
13 83
72 88
25 23
77 46
56 6
87 80
90 29
18 96
21 1
48 81
58 30
67 74
91 41
92 16
24 5
66 28
34 79
73 59
44 89
41 35
1 63
46 86
75 33
93 46
66 5
81 37
22 32
52 29
47 62
79 81
61 60
53 43
29 45
94 28
16 11
51 58
12 42
49 88
8 71
20 90
47 15
80 99
89 95
42 8
31 52
27 44
25 47
33 16
83 67
39 14
77 79
56 92
51 86
3 75
7 45
67 35
59 99
65 26
73 90
86 78
40 29
82 56
41 1
18 72
1 73
96 90
21 82
75 28
93 79
34 96
66 48
45 23
35 58
70 61
61 9
53 71
29 19
60 42
32 7
1 99
30 18
71 65
2 36
76 37
64 67
52 88
35 86
57 81
79 64
69 87
29 32
32 27
98 80
27 63
23 98
78 18
7 19
28 56
74 22
91 85
98 37
15 44
65 10
13 12
40 76
21 34
18 4
54 3
58 57
95 41
10 86
66 72
45 47
73 78
70 77
36 31
41 82
95 64
75 48
76 97
35 46
80 7
61 80
89 19
85 96
94 72
96 30
16 38
49 67
3 10
38 20
55 76
24 4
89 32
59 7
33 98
39 46
77 18
62 19
48 92
24 41
91 43
0 44
73 89
13 23
88 90
41 34
48 12
46 96
10 33
76 30
9 47
17 32
22 84
52 14
45 55
70 2
79 92
36 59
69 53
60 40
6 20
82 5
5 35
76 73
49 86
17 49
64 33
22 46
68 29
69 66
14 81
94 41
27 50
16 22
74 53
24 3
91 71
72 33
73 51
44 30
13 47
26 32
62 56
41 62
90 86
95 92
1 98
4 64
63 45
75 4
9 11
52 58
50 88
26 49
36 90
32 19
6 27
99 81
75 41
76 16
17 14
64 28
52 86
35 96
57 92
79 75
61 30
22 79
69 40
29 84
60 77
94 3
96 57
5 31
51 18
12 91
49 33
3 65
74 93
55 14
68 88
67 62
14 64
61 20
53 87
72 28
25 22
86 97
30 23
37 83
19 41
21 9
90 46
48 26
63 19
67 15
54 71
45 38
31 44
26 14
77 12
19 64
41 60
46 4
10 48
81 98
45 21
52 46
35 18
80 19
69 0
60 91
94 85
87 88
82 81
6 29
16 17
12 39
58 67
93 12
64 48
34 23
38 76
97 41
96 98
27 95
16 53
25 94
86 30
83 72
37 38
71 77
3 70
90 79
74 0
24 43
97 64
59 32
72 48
44 57
86 73
26 58
37 21
40 46
23 33
90 28
21 80
4 12
48 11
78 47
41 9
10 72
45 22
60 39
6 76
62 5
5 34
87 49
99 6
18 55
46 3
76 98
58 86
17 46
57 26
79 11
16 93
2 27
93 23
20 73
76 88
24 71
67 9
97 6
61 29
15 95
27 76
29 81
73 30
53 66
86 16
26 84
13 38
30 55
71 2
19 92
10 4
9 70
45 94
31 99
98 88
44 98
36 51
41 80
60 24
87 14
46 85
10 41
75 43
91 87
81 19
70 82
79 54
44 88
60 13
94 71
6 49
99 12
12 8
49 72
92 5
64 41
20 16
38 14
55 79
97 92
0 98
14 75
53 40
13 70
86 57
37 94
71 68
8 0
67 80
0 95
43 66
89 81
45 17
29 64
73 16
13 22
26 79
96 67
40 96
88 97
19 75
21 30
63 84
8 77
9 94
91 42
52 18
50 33
33 5
36 37
6 14
62 81
82 92
21 20
18 21
99 75
2 45
49 4
39 75
64 3
34 83
38 58
97 43
16 69
93 55
74 24
38 86
55 96
97 75
47 76
80 5
59 84
72 3
73 57
86 98
23 72
71 35
40 18
19 26
4 11
90 4
47 88
9 17
89 64
