-1708
99
6 63 -19
1 50 -19
55 89 -19
37 95 -19
39 51 -19
56 66 -19
31 44 -19
28 42 -19
20 89 -19
20 35 -19
4 94 -19
5 27 -19
79 87 -19
79 93 -19
66 90 -19
40 98 -19
22 78 -19
60 83 -19
6 27 -19
33 82 -19
21 61 -19
92 95 -19
35 49 -18
62 98 -18
16 31 -18
16 39 -18
11 45 -18
14 69 -18
23 85 -18
8 39 -18
2 16 -18
32 41 -18
21 36 -18
67 68 -18
5 88 -18
7 81 -18
58 67 -18
40 88 -18
0 18 -18
13 62 -18
38 44 -18
25 58 -18
26 36 -18
42 97 -18
48 54 -18
39 91 -18
5 73 -18
18 96 -18
60 68 -17
44 79 -17
58 99 -17
5 78 -17
4 89 -17
8 13 -17
15 45 -17
58 59 -17
19 43 -17
36 92 -17
56 74 -17
19 48 -17
39 81 -17
17 19 -17
51 70 -17
53 60 -17
37 81 -17
9 77 -17
23 84 -17
32 57 -17
89 99 -17
30 62 -17
66 98 -17
75 92 -17
9 56 -17
23 93 -17
16 46 -17
52 65 -16
29 34 -16
51 99 -16
1 37 -16
10 57 -16
0 90 -16
10 48 -16
28 82 -16
17 44 -16
22 52 -16
11 62 -16
34 39 -16
13 72 -16
15 71 -16
70 82 -16
13 76 -15
46 64 -15
33 47 -15
3 37 -15
21 24 -14
69 97 -14
83 86 -13
22 80 -11
12 67 -11
